35
36
37
38
39
40
41
48
68
69
70
71
72
78
79
96
97
98
99
100
103
104
105
106
107
108
109
110
111
112
113
114
115
116
117
118
119
120
121
122
123
124
125
126
127
128
129
130
131
132
133
134
135
136
137
138
141
142
143
144
145
146
162
167
168
169
170
173
174
175
176
177
178
179
180
187
188
189
190
198
199
200
201
202
203
204
205
206
207
208
209
210
211
212
213
214
215
216
217
218
219
220
221
222
223
224
225
226
227
228
229
230
231
232
233
234
235
236
237
238
239
240
241
242
243
244
245
246
247
248
249
250
251
252
253
254
255
256
257
258
259
260
261
262
263
264
265
266
267
268
269
270
271
272
273
274
275
276
277
278
279
280
281
282
283
284
285
286
291
292
293
420
421
422
423
424
425
426
443
474
475
476
484
485
486
487
488
489
490
491
492
493
494
495
496
497
498
499
500
501
502
503
504
505
914
915
925
926
927
928
929
930
931
932
935
936
937
938
939
940
941
942
1539
227569
228102
228108
228109
228110
228138
228159
228180
228205
228424
228425
228426
228435
228450
228474
228482
