0
1
2
3
4
5
6
7
8
9
10
11
12
13
14
15
16
17
18
19
20
21
22
23
24
25
26
27
28
29
33
34
68
69
70
71
72
73
74
75
76
77
78
79
87
122
135
259
273
292
484
498
511
532
624
668
713
1039
1081
1127
1175
1223
1271
1319
1366
1796
1847
1898
1950
2002
2054
2104
2153
2340
2373
2409
2714
2768
2822
2875
2927
2978
3027
3074
3736
3790
3843
3896
3947
3995
4039
4074
5087
5188
16917
16971
17026
17083
19758
19819
19880
22813
22873
29239
29311
32965
36792
36849
44975
45024
49479
54264
69043
74232
84810
95540
106332
116961
127375
132443
146815
151713
156631
166323
171061
175691
184533
188721
212096
214764
214813
214864
214915
217255
217305
217356
217408
217460
217513
217566
217822
217878
219539
219591
219643
219695
219747
220046
220098
220149
220200
220250
220299
220348
220396
220443
221561
221611
221662
221713
221765
222037
222085
222132
222178
222223
222267
222308
222348
223410
223458
223794
223836
223875
223914
223951
223952
223989
224026
224970
225014
225300
225336
225372
225407
225441
225474
226570
226600
226627
226647
227295
227569
227592
227641
227672
227949
227981
228009
228034
228058
228122
228136
228137
228138
228139
228140
228157
228158
228159
228180
228181
228203
228204
228205
228206
228227
228228
228395
228396
228412
228419
228420
228421
228422
228423
228424
228425
228426
228427
228428
228429
228430
228431
228432
228433
228434
228435
228436
228437
228438
228439
228440
228441
228442
228443
228444
228445
228446
228447
228448
228449
228450
228451
228452
228453
228454
228455
228456
228457
228458
228459
228460
228461
228462
228463
228464
228465
228466
228467
228468
228469
228470
228471
228472
228473
228474
228475
228476
228477
228478
228479
228480
228481
228482
