0
1
2
3
4
5
6
7
8
9
10
11
12
13
14
15
16
17
18
19
20
21
22
23
24
25
26
27
28
29
30
31
32
33
34
35
36
37
38
39
40
41
42
43
44
45
46
47
48
49
50
51
52
53
54
55
56
57
58
59
60
61
62
63
64
65
66
67
68
69
70
71
72
74
75
76
77
78
79
122
123
124
131
132
133
134
135
136
137
145
146
169
170
171
172
173
174
175
176
177
178
179
180
187
188
189
190
248
257
258
259
260
261
269
270
271
272
273
274
291
292
407
408
409
426
427
428
429
430
431
432
444
445
446
447
448
449
450
451
452
453
454
455
456
457
458
459
460
461
462
463
464
465
466
474
475
476
477
478
479
484
485
486
487
488
489
494
495
496
497
498
499
500
501
505
511
532
624
668
713
884
885
902
903
904
905
906
914
915
916
917
918
919
920
921
922
923
925
926
927
928
929
930
931
932
933
934
935
936
937
938
939
940
941
942
1319
1366
222037
222085
223836
223875
223913
223914
223952
225407
225441
225474
227568
227569
227570
227571
227572
227592
227593
228111
228112
228122
228123
228124
228125
228126
228136
228137
228138
228139
228140
228141
228157
228158
228159
228160
228161
228162
228180
228181
228182
228183
228184
228185
228186
228204
228205
228206
228207
228208
228419
228420
228421
228422
228423
228424
228425
228426
228427
228428
228429
228430
228431
228432
228433
228434
228435
228436
228437
228438
228439
228440
228441
228442
228443
228444
228445
228446
228447
228448
228449
228450
228451
228452
228453
228454
228455
228456
228457
228458
228459
228460
228461
228462
228463
228464
228465
228466
228467
228468
228469
228470
228471
228472
228473
228474
228475
228476
228477
228478
228479
228480
228481
228482
